570
730
578080
1063730
1623730
1172470
440
1938090
271590
550
1599340
304930
553850
230410
236390
1245620
105600
291550
359550
1086940
1085660
4000
431960
340
346110
945360
1091500
218620
901583
892970
238960
252490
242760
899770
1097150
413150
292030
291480
444090
49520
1203220
10
272060
227300
552990
438100
227940
620
1240440
381210
252950
739630
1966720
990080
1517290
240
1468810
320
386360
582010
444200
755790
70
648800
550650
251570
301520
239140
108600
1174180
477160
400
433850
417910
367520
322330
814380
250900
377160
261550
8930
304050
532210
1811260
1222670
22380
218230
255710
72850
60
107410
289070
96000
1089350
204360
221100
1046930
1326470
489520
224260
80
203160
374320
300
1238810
632360
466240
322170
370910
275850
275390
278360
220
394360
489830
594650
40
333930
427520
700330
219990
10180
1172620
976730
588430
387990
883710
1407200
582660
365590
1145360
273350
264710
219640
844870
1604030
236850
363970
439700
225840
20
253710
30
1794680
284160
813820
365670
2050650
12210
221380
420
238460
306130
12120
231430
526870
360
109600
268500
244210
1286830
8870
646570
629760
500
233450
601150
677620
346900
588650
435150
211500
555570
1100600
863550
10190
223710
1818750
273110
1426210
379720
397900
698780
2630
779340
2881650
868270
232770
268910
223470
1118200
1593500
208090
241930
1237970
782330
424840
513710
15700
518790
1049590
339610
113400
534380
285800
311210
1332010
48700
6060
3590
294100
440900
1716740
206420
391540
1446780
130
304390
252130
1551360
1151340
55230
1229490
225540
211820
552500
548430
766570
238320
8190
391220
223750
200210
466560
42910
262060
1238840
1250
630
57300
222880
355840
286160
504370
115300
380600
508440
20920
1225330
1293830
55150
39210
761890
960090
281990
240720
812140
744900
244850
395170
33930
386180
1366540
24240
220240
1677740
871720
202970
1506830
1056960
1222680
212500
813780
620980
63380
671860
674940
205100
304430
311690
7670
234140
601510
1868140
962130
8500
1721470
42710
546560
1817070
48000
200710
201270
302830
884660
261640
319630
1196590
50
1172380
1832640
506540
242050
203770
312990
1144200
552520
356190
389730
1180380
323190
20900
351940
457140
42680
10090
236870
220200
613100
265630
214950
9480
245170
312660
594570
33900
35450
418460
209080
439190
99900
881020
359320
380
1260320
200510
335240
219150
35720
274190
207610
918570
376210
299360
2195250
202990
219740
1057090
224600
50130
728880
407530
212680
4560
386940
355180
17410
233130
1272080
880940
298110
1289310
247080
307780
232090
368230
270880
1259420
678950
113200
362890
209870
391720
33230
403640
262410
203140
361420
582160
976310
471710
213670
282070
204880
838350
12100
905370
1454400
285900
617290
274170
438740
372000
335300
265930
460930
1158310
269210
1372880
287700
208650
379430
475150
1056640
447040
1619450
65800
1145350
418370
387290
282440
38400
214490
331470
1943950
1222140
1092790
239030
242720
364360
845070
286690
992300
367500
2054970
246620
235460
316010
550900
24200
581320
11020
286940
287390
703080
1371980
8850
286570
279720
686810
967050
289650
107100
1569040
1203620
203290
248570
648350
207140
412020
221910
516750
55100
233860
24960
47870
201790
221040
644560
295110
641990
427730
209000
238090
391460
1263850
646910
434650
305620
424370
280
17390
1515950
42700
841370
12220
201810
431240
12200
325610
1254120
1217060
108710
200260
1520470
310950
202170
787860
310560
12110
1361210
261570
1466860
524220
1128810
242920
881100
504230
303390
470220
437900
35700
50300
210770
409710
259080
783770
388410
644930
22370
848450
225260
40800
216150
41070
9900
19680
1250410
436150
1888160
414340
268420
774171
389570
105450
206210
1274570
254700
15620
740130
204300
319510
7940
110800
1363080
530700
343710
629730
323580
265590
464920
50620
244450
1840
612880
282140
238010
3830
39120
35140
204450
640820
823130
47780
65930
1222700
767560
394510
204100
337000
1248130
1167630
433340
482730
527230
266840
570940
645630
493340
611500
1408720
900883
317360
2344520
1399780
952060
307690
630100
47890
436520
1313140
414700
1824220
1942280
606150
815370
330020
1029690
342200
40990
346010
460950
1277400
104900
393380
554620
578310
977950
1030840
368260
234650
480490
1057240
41700
312530
1142710
1364780
485510
1284210
788100
632470
383870
389430
893520
56400
113020
67370
349040
453480
287290
212160
629520
57690
21690
206440
872790
1343400
409720
680420
1139900
563560
349700
206500
238370
10500
319830
32370
750920
365450
544810
268050
368500
495420
678960
1262580
555160
1627140
858820
442080
1404210
113420
208140
736590
289130
2186680
8980
502500
308040
274940
22330
308600
291650
327690
1536610
1904540
6860
1304930
637650
706990
24740
239820
332950
537180
298240
302510
1237950
627690
17330
228280
417860
311560
228380
214420
638970
569480
24980
809960
239160
621060
633230
949230
248820
9340
224540
280790
13520
102600
47830
476600
1151640
6000
447820
585690
1213210
1030830
2280
1522820
638070
1509960
636480
22320
392160
1466640
242860
392110
683320
322500
637090
287450
65980
2231450
304240
1313860
1049410
582500
1377580
1284410
364470
492720
34030
4920
40100
519860
834910
438040
314160
233720
437920
232890
225080
924970
493520
460790
17080
15100
2310
253980
47790
48190
635260
285190
237930
738060
602960
237310
265210
41500
324800
568220
20570
459820
397540
312520
218680
235600
527430
39500
34270
215080
311860
488790
1286680
4700
251060
224760
1282100
6880
510840
341800
228200
774861
1549970
704850
65790
2100
427270
334230
535930
378540
373420
942970
47810
96100
752590
544750
10680
206480
235540
102500
1557740
346330
1353950
2322560
4500
56437
32800
19900
270150
511470
263500
1147560
979690
704270
1987080
870780
292910
323470
32470
418240
1475810
1238860
583950
723780
474960
350640
657200
4570
304670
6850
736220
209670
3910
209170
1343370
39140
241600
1380400
1089090
298630
220440
1178830
544730
32430
1184370
311340
6020
1562430
1238000
674020
261110
1533390
601430
666220
622650
1258080
4760
1089980
34460
851850
297000
444640
1755910
418070
1282730
245620
1096530
237110
1483870
108800
292730
55110
509980
34870
242700
445980
1659040
232050
253900
49540
301640
231060
209160
243470
1061910
208580
257350
933110
939960
323850
692850
26800
17300
239350
599140
41000
38410
460920
410320
22350
1687950
462780
257510
226840
239200
7760
690790
921630
753640
1150690
774361
805550
447020
6910
673950
475550
246900
24780
673130
70000
1016920
606280
529340
515690
1113000
337320
278080
843380
250400
603850
374040
230230
448470
383080
230290
1262350
1676130
212740
17480
9010
450390
293540
71340
242640
204340
234630
261030
921060
1335200
12810
457330
2400
491950
339280
747660
2399830
1094520
1241100
780310
356670
2670630
8230
590380
21100
446800
899440
1384160
31280
3900
202750
304030
313120
450540
249130
262280
21120
21110
823500
681660
1147550
214560
200170
577800
383150
12900
311240
640590
265550
837470
961200
429470
920210
252150
368370
512900
1388770
668630
9450
1129580
39000
360970
